$WAVE
$EVENTS
;ENDWAVE
I 0 "e#9#std_logicc9 UX01ZWLH-"
S 0 0
0 U
;ENDWAVE
S 1 0
1 U
S 2 0
2 U
S 3 0
3 U
S 4 0
4 U
S 5 0
5 U
S 6 0
6 U
S 7 0
7 U
S 8 0
8 U
S 9 0
9 U
S 10 0
10 U
S 11 0
11 U
S 12 0
12 U
S 13 0
13 U
S 14 0
14 U
S 15 0
15 U
S 16 0
16 U
S 17 0
17 U
S 18 0
18 U
S 19 0
19 U
S 20 0
20 U
S 21 0
21 U
S 22 0
22 U
S 23 0
23 U
S 24 0
24 U
S 25 0
25 U
S 26 0
26 U
S 27 0
27 U
S 28 0
28 U
S 29 0
29 U
S 30 0
30 U
S 31 0
31 U
S 32 0
32 U
S 33 0
33 U
S 34 0
34 U
S 35 0
35 U
S 36 0
36 U
S 37 0
37 U
S 38 0
38 U
S 39 0
39 U
S 40 0
40 U
S 41 0
41 U
S 42 0
42 U
S 43 0
43 U
S 44 0
44 U
S 45 0
45 U
S 46 0
46 U
S 47 0
47 U
S 48 0
48 U
S 49 0
49 U
S 50 0
50 U
S 51 0
51 U
S 52 0
52 U
S 53 0
53 U
S 54 0
54 U
S 55 0
55 U
S 56 0
56 U
S 57 0
57 U
S 58 0
58 U
S 59 0
59 U
S 60 0
60 U
S 61 0
61 U
S 62 0
62 U
S 63 0
63 U
S 64 0
64 U
S 65 0
65 U
S 66 0
66 U
S 67 0
67 U
S 68 0
68 U
S 69 0
69 U
S 70 0
70 U
S 71 0
71 U
S 72 0
72 U
;ENDWAVE
S 73 0
73 U
S 74 0
74 U
S 75 0
75 U
S 76 0
76 U
S 77 0
77 U
S 78 0
78 U
S 79 0
79 U
S 80 0
80 U
S 81 0
81 U
S 82 0
82 U
S 83 0
83 U
S 84 0
84 U
S 85 0
85 U
S 86 0
86 U
S 87 0
87 U
S 88 0
88 U
S 89 0
89 U
S 90 0
90 U
S 91 0
91 U
S 92 0
92 U
S 93 0
93 U
S 94 0
94 U
S 95 0
95 U
S 96 0
96 U
S 97 0
97 U
S 98 0
98 U
S 99 0
99 U
S 100 0
100 U
S 101 0
101 U
S 102 0
102 U
S 103 0
103 U
S 104 0
104 U
S 105 0
105 U
S 106 0
106 U
S 107 0
107 U
S 108 0
108 U
S 109 0
109 U
S 110 0
110 U
S 111 0
111 U
S 112 0
112 U
S 113 0
113 U
S 114 0
114 U
S 115 0
115 U
S 116 0
116 U
S 117 0
117 U
S 118 0
118 U
S 119 0
119 U
S 120 0
120 U
S 121 0
121 U
S 122 0
122 U
S 123 0
123 U
S 124 0
124 U
S 125 0
125 U
S 126 0
126 U
S 127 0
127 U
S 128 0
128 U
S 129 0
129 U
S 130 0
130 U
S 131 0
131 U
S 132 0
132 U
S 133 0
133 U
S 134 0
134 U
S 135 0
135 U
S 136 0
136 U
S 137 0
137 U
S 138 0
138 U
S 139 0
139 U
S 140 0
140 U
S 141 0
141 U
S 142 0
142 U
S 143 0
143 U
S 144 0
144 U
;ENDWAVE
;ENDWAVE
;ENDWAVE
;ENDWAVE
D 1
0 0
1 0
72 0
70 0
66 0
58 0
42 0
10 0
9 0
41 0
8 0
7 1
57 0
40 0
6 0
5 1
39 1
4 0
3 0
65 0
56 0
38 1
2 0
37 0
55 0
36 0
35 0
69 0
64 1
54 1
34 0
33 0
53 0
32 1
31 1
63 1
52 0
30 1
29 0
51 0
28 0
27 0
71 1
68 0
62 0
50 0
26 0
25 0
49 0
24 0
23 0
61 0
48 1
22 0
21 1
47 0
20 0
19 0
67 0
60 0
46 1
18 0
17 0
45 0
16 1
15 0
59 0
44 0
14 0
13 1
43 0
12 0
11 0
T 60000
0 1
D 1
144 0
143 1
142 0
75 0
90 0
89 0
88 1
79 1
87 1
86 0
85 0
84 0
83 0
82 0
81 0
80 0
78 0
77 0
76 0
91 0
141 1
74 0
73 0
95 0
140 0
139 0
138 0
99 0
137 0
136 1
135 0
134 0
133 1
132 0
131 0
107 0
130 0
129 0
128 0
111 1
127 0
126 0
125 1
115 0
124 0
123 0
122 0
121 0
120 1
119 1
118 1
117 0
116 0
114 0
113 0
112 0
110 1
109 0
108 0
106 0
105 0
104 1
103 0
102 1
101 0
100 0
98 0
97 0
96 0
94 1
93 0
92 0
T 40000
0 0
;ENDWAVE
T 10000
39 0
12 1
50 1
14 1
64 0
21 0
43 1
26 1
48 0
60 1
44 1
1 1
35 1
19 1
24 1
13 0
37 1
38 0
53 1
5 0
65 1
62 1
T 50000
0 1
D 1
76 1
78 1
79 0
80 1
84 1
86 1
88 0
91 1
94 0
96 1
99 1
101 1
102 0
104 0
106 1
112 1
115 1
116 1
119 0
120 0
122 1
126 1
129 1
133 0
135 1
136 0
137 1
141 0
T 40000
0 0
$ENDWAVE
