$WAVE
$EVENTS
;ENDWAVE
I 0 "e#9#std_logicc9 UX01ZWLH-"
S 0 0
0 U
S 1 0
1 U
S 2 0
2 U
S 3 0
3 U
S 4 0
4 U
S 5 0
5 U
S 6 0
6 U
S 7 0
7 U
S 8 0
8 U
S 9 0
9 U
S 10 0
10 U
S 11 0
11 U
S 12 0
12 U
S 13 0
13 U
S 14 0
14 U
S 15 0
15 U
S 16 0
16 U
S 17 0
17 U
S 18 0
18 U
S 19 0
19 U
S 20 0
20 U
S 21 0
21 U
S 22 0
22 U
S 23 0
23 U
S 24 0
24 U
S 25 0
25 U
S 26 0
26 U
S 27 0
27 U
S 28 0
28 U
S 29 0
29 U
S 30 0
30 U
S 31 0
31 U
;ENDWAVE
S 32 0
32 U
S 33 0
33 U
S 34 0
34 U
S 35 0
35 U
S 36 0
36 U
S 37 0
37 U
S 38 0
38 U
S 39 0
39 U
S 40 0
40 U
S 41 0
41 U
S 42 0
42 U
S 43 0
43 U
S 44 0
44 U
S 45 0
45 U
S 46 0
46 U
S 47 0
47 U
S 48 0
48 U
S 49 0
49 U
S 50 0
50 U
S 51 0
51 U
S 52 0
52 U
S 53 0
53 U
S 54 0
54 U
S 55 0
55 U
S 56 0
56 U
S 57 0
57 U
S 58 0
58 U
S 59 0
59 U
S 60 0
60 U
S 61 0
61 U
S 62 0
62 U
S 63 0
63 U
;ENDWAVE
S 64 0
64 U
;ENDWAVE
S 65 0
65 U
;ENDWAVE
S 66 0
66 U
;ENDWAVE
S 67 0
67 U
;ENDWAVE
S 68 0
68 U
;ENDWAVE
S 69 0
69 U
;ENDWAVE
S 70 0
70 U
$ENDWAVE
D 1
70 1
68 1
T 1000
67 0
65 0
64 0
66 0
0 Z
1 Z
2 Z
3 Z
4 Z
5 Z
6 Z
8 Z
9 Z
10 Z
11 Z
12 Z
13 Z
14 Z
15 Z
16 Z
17 Z
18 Z
19 Z
20 Z
21 Z
22 Z
23 Z
24 Z
25 Z
26 Z
27 Z
28 Z
29 Z
30 Z
31 Z
7 Z
T 7000
68 0
T 2000
69 1
T 8000
69 0
T 2000
D 1
68 1
T 8000
68 0
T 2000
69 1
T 8000
69 0
T 2000
D 1
68 1
T 8000
70 0
68 0
T 1000
63 0
66 1
32 0
61 0
34 0
35 0
36 0
37 0
38 0
39 0
40 0
41 0
42 0
43 0
44 0
45 0
46 0
47 0
48 0
57 0
50 0
51 0
52 0
53 0
54 0
55 0
56 0
49 0
58 0
59 0
60 0
33 0
62 0
T 1000
69 1
T 8000
69 0
T 2000
D 1
68 1
T 1000
64 1
T 1000
67 1
31 0
0 0
1 0
30 0
3 0
4 0
5 1
6 1
7 1
8 0
9 0
26 0
11 0
12 0
13 0
14 0
15 0
16 0
18 0
2 0
19 0
20 0
21 0
10 0
23 0
24 0
17 0
25 0
27 0
22 0
29 0
28 0
T 6000
68 0
T 2000
69 1
T 8000
69 0
T 2000
D 1
68 1
T 8000
68 0
T 2000
69 1
T 8000
69 0
T 2000
D 1
68 1
T 1000
64 0
63 1
T 1000
67 0
31 Z
0 Z
1 Z
30 Z
3 Z
4 Z
5 Z
6 Z
7 Z
8 Z
9 Z
26 Z
11 Z
12 Z
13 Z
14 Z
15 Z
16 Z
18 Z
2 Z
19 Z
20 Z
21 Z
10 Z
23 Z
24 Z
17 Z
25 Z
27 Z
22 Z
29 Z
28 Z
T 6000
68 0
T 2000
69 1
T 8000
69 0
T 2000
D 1
68 1
T 1000
64 1
T 1000
67 1
31 0
0 0
1 0
30 0
3 0
4 0
5 0
6 0
7 1
8 0
9 0
26 0
11 0
12 0
13 0
14 0
15 0
16 0
18 0
2 1
19 0
20 0
21 0
10 0
23 0
24 0
17 0
25 0
27 0
22 0
29 0
28 0
T 6000
68 0
T 2000
69 1
T 8000
69 0
T 2000
D 1
68 1
T 8000
68 0
T 2000
69 1
T 8000
69 0
T 2000
D 1
68 1
T 1000
64 0
63 0
62 1
T 1000
67 0
31 Z
0 Z
1 Z
30 Z
3 Z
4 Z
5 Z
6 Z
7 Z
8 Z
9 Z
26 Z
11 Z
12 Z
13 Z
14 Z
15 Z
16 Z
18 Z
2 Z
19 Z
20 Z
21 Z
10 Z
23 Z
24 Z
17 Z
25 Z
27 Z
22 Z
29 Z
28 Z
T 6000
68 0
T 2000
69 1
T 8000
69 0
T 2000
D 1
68 1
T 1000
64 1
T 1000
67 1
31 1
0 0
1 0
30 1
3 0
4 0
5 0
6 0
7 0
8 0
9 0
26 0
11 0
12 0
13 0
14 0
15 0
16 0
18 0
2 0
19 0
20 0
21 0
10 0
23 0
24 0
17 0
25 1
27 1
22 0
29 0
28 1
T 6000
68 0
T 2000
69 1
T 8000
69 0
T 2000
D 1
68 1
T 8000
68 0
T 2000
69 1
T 8000
69 0
T 2000
D 1
68 1
T 1000
64 0
66 0
63 1
59 1
57 1
60 1
T 1000
67 0
31 Z
0 Z
1 Z
30 Z
3 Z
4 Z
5 Z
6 Z
7 Z
8 Z
9 Z
26 Z
11 Z
12 Z
13 Z
14 Z
15 Z
16 Z
18 Z
2 Z
19 Z
20 Z
21 Z
10 Z
23 Z
24 Z
17 Z
25 Z
27 Z
22 Z
29 Z
28 Z
T 6000
68 0
T 2000
69 1
T 8000
69 0
T 2000
D 1
68 1
T 1000
65 1
T 1000
67 1
T 6000
68 0
T 2000
69 1
T 1000
31 0
0 0
29 0
2 0
3 0
4 0
5 0
6 0
7 0
8 0
9 0
10 0
11 0
12 0
13 0
14 0
15 0
16 0
25 0
18 0
19 0
20 0
21 0
22 0
23 0
24 0
17 0
26 0
27 0
28 0
1 0
30 0
T 7000
69 0
T 2000
D 1
68 1
T 8000
68 0
T 2000
69 1
T 8000
69 0
T 2000
D 1
68 1
T 1000
65 0
66 1
57 0
59 0
60 0
31 Z
27 Z
0 Z
1 Z
19 Z
3 Z
4 Z
5 Z
6 Z
7 Z
8 Z
9 Z
10 Z
12 Z
13 Z
14 Z
15 Z
16 Z
17 Z
2 Z
20 Z
21 Z
22 Z
11 Z
24 Z
25 Z
18 Z
26 Z
28 Z
23 Z
30 Z
29 Z
T 1000
67 0
